x = {}
IFS = {};

x{1} = [0.5 1  
        0 0];

IFS{1} = [0 0
          0 0.16];   
IFS{2} = [0.85 0.04
         -0.04 0.85];  
IFS{3} = [0.2 -0.26
          0.23 0.22];     
IFS{4} = [-0.15 -0.28
          0.26 0.24];  
      
offset = [0  0   0    0
          0 1.6 1.6 0.44];