x = {};
IFS = {};
n = 5;
x{1} = [0 0  .5 .5 0  
        0 .5 .5  0 0];

IFS{1} = [1/3 0
           0 1/3];   
IFS{2} = [1/3 0
           0 1/3];   
IFS{3} = [1/3 0
           0 1/3];   
IFS{4} = [1/3 0
           0 1/3];   
IFS{5} = [1/3 0
           0 1/3];   
IFS{6} = [1/3 0
           0 1/3];   
IFS{7} = [1/3 0
           0 1/3];
IFS{8} = [1/3 0
           0 1/3];
       
       
offset = [0  0   0  1/3 1/3 2/3 2/3 2/3
          0 1/3 2/3  0  2/3  0  1/3 2/3];
y_scale = 1;