x = {};
IFS = {};

x{1} = [   1/2    0 1    1/2   
        sqrt(3)/2 0 0 sqrt(3)/2];

IFS{1} = [1/2   0
           0  1/2];   
IFS{2} = [1/2   0
           0  1/2];  
IFS{3} = [1/2   0
           0  1/2];     
    
offset = [0 1/2     1/4
          0  0   sqrt(3)/4];
y_scale = 1;